14/02/09 14:58
プロジェクトの翻訳状況

            	分節数	 単語数	文字数（空白を除く）	文字数（空白を含む）	
合計：         	203	4413	     26501	     30391	
未翻訳：        	133	2470	     15345	     17480	
繰り返しを除いた：   	199	4371	     26262	     30117	
繰り返しを除いた未翻訳：	130	2455	     15249	     17375	


ファイルごとの翻訳状況：

ファイル名                                             	すべての分節数	未翻訳分節数	繰り返しを除いた分節数	繰り返しを除いた未翻訳分節数	すべての単語数	未翻訳単語数	繰り返しを除いた単語数	繰り返しを除いた未翻訳単語数	すべての文字数（空白を除く）	未翻訳文字数（空白を除く）	繰り返しを除いた文字数（空白を除く）	繰り返しを除いた未翻訳文字数（空白を除く）	すべての文字数（空白を含む）	未翻訳文字数（空白を含む）	繰り返しを除いた文字数（空白を含む）	繰り返しを除いた未翻訳文字数（空白を含む）	
Testing__Information_Gathering.UTF8               	     25	     1	         24	             1	    707	     5	        680	             5	          4137	           32	              3994	                   32	          4766	           35	              4597	                   35	
Testing__Introduction_and_objectives.UTF8         	     28	     1	         27	             0	    668	     5	        663	             0	          3646	           32	              3614	                    0	          4257	           35	              4222	                    0	
Testing_for_business_logic_%28OWASP-BL-001%29.UTF8	    130	   130	        129	           129	   2455	  2455	       2450	          2450	         15249	        15249	             15217	                15217	         17375	        17375	             17340	                17340	
Testing_for_configuration_management.UTF8         	     20	     1	         19	             0	    583	     5	        578	             0	          3469	           32	              3437	                    0	          3993	           35	              3958	                    0	
